The dataset is: chest_xray_3
The start time is 2022-01-26 23:03:00.938897 and end time 2022-01-26 23:05:34.111667
Architecture: conv+transformer
learning rate: 0.1
epoch: 10
weight_decay: 0.0001
Momentum: 0.9

        batch_size: 128
Testing Accuracy: [37.5, 62.5, 62.33974358974359, 63.301282026828865, 62.980769279675606, 60.41666686229217, 64.42307687417055, 62.66025601900541, 65.86538471319737, 66.98717938936673]
Training Accuracy": [66.29601226993866, 72.58435573460865, 74.1372698450381, 73.71549075073992, 73.6771471924577, 74.36733128834356, 74.48236196319019, 75.53680972233872, 75.99693242172522, 76.15030670166016]
Testing Loss":
         [0.7243040280464368, 0.7426603787984604, 0.6488262720597096, 0.6407058605780969, 0.6643036848459488, 0.6379046348425058, 0.6692735262406178, 0.6257591751905588, 0.6996653018853604, 0.5663351798668886]
Training Loss": [1.1515300646881383, 0.5794377007001749, 0.5598873262025096, 0.528296561146075, 0.5016513333364498, 0.4944721584671114, 0.4788546675553351, 0.46439276809341334, 0.45870319593903475, 0.4616841011983485]
The higher accuracy: 66.98717938936673
embedding_dim: 128

                n_conv_layers: 1

                kernel_size: 7

                stride: 2

                padding: 1

                pooling_kernel_size: 3

                pooling_stride: 2

                pooling_padding: 1

                num_layers: 2

                num_heads: 2

                mlp_radio: 1.0
        