The dataset is: chest_xray_3
The start time is 2022-01-26 22:57:58.733208 and end time 2022-01-26 23:00:30.297974
Architecture: conv+transformer
learning rate: 0.1
epoch: 10
weight_decay: 0.0001
Momentum: 0.9

        batch_size: 128
Testing Accuracy: [63.30128200237568, 65.86538441975911, 63.782051282051285, 66.66666656885391, 62.179487176430534, 69.23076942639473, 66.18589728917831, 66.0256410745474, 67.46794852232321, 68.91025626353728]
Training Accuracy": [69.09509193092768, 75.36426371006878, 76.8021471456516, 77.58819009043688, 76.70628824994608, 77.2239262867559, 77.10889561190928, 77.6840489861424, 77.83742331288343, 81.00076687116564]
Testing Loss":
         [0.7126845671580389, 0.6662718241031353, 0.6916455305539645, 0.6364717330688086, 0.7456471828313974, 0.5845173108272064, 0.6679749825061896, 0.6274145077436398, 0.5778004878606552, 0.7167722842632196]
Training Loss": [0.6329357064574774, 0.4708200146449856, 0.4600582088063831, 0.44829497253236594, 0.4551862476427862, 0.44389649841683043, 0.45398858354135524, 0.44003408836440805, 0.42644212582360014, 0.38649432479969564]
The higher accuracy: 69.23076942639473
embedding_dim: 128

                n_conv_layers: 1

                kernel_size: 3

                stride: 2

                padding: 1

                pooling_kernel_size: 3

                pooling_stride: 2

                pooling_padding: 1

                num_layers: 2

                num_heads: 2

                mlp_radio: 1.0
        