The dataset is: chest_xray_3
The start time is 2022-01-26 23:00:30.924762 and end time 2022-01-26 23:03:00.581920
Architecture: conv+transformer
learning rate: 0.1
epoch: 10
weight_decay: 0.0001
Momentum: 0.9

        batch_size: 128
Testing Accuracy: [63.62179492070125, 60.8974358913226, 62.66025640872809, 64.1025639069386, 68.9102562146309, 71.1538462516589, 73.07692278348483, 70.19230730105669, 64.74358945015149, 76.4423076923077]
Training Accuracy": [71.12730061349693, 71.79831288343559, 73.44708588957056, 74.80828211497675, 75.55598150147982, 78.22085884889943, 77.85659509202453, 79.9463190184049, 78.54677909429819, 80.02300608816323]
Testing Loss":
         [0.8270819492829151, 0.6637303982025538, 0.7486785375154935, 0.620298167069753, 0.6538484402191944, 0.6001266821836814, 0.5543313286243341, 0.6028584058468158, 0.6475091439027053, 0.5224018723536761]
Training Loss": [0.6820763027741134, 0.565070396734893, 0.4886034619223121, 0.4640334206490429, 0.45677894609837444, 0.43160384984835526, 0.44687484469881816, 0.4145011029726157, 0.4283829152218403, 0.41115914458877467]
The higher accuracy: 76.4423076923077
embedding_dim: 128

                n_conv_layers: 1

                kernel_size: 5

                stride: 2

                padding: 1

                pooling_kernel_size: 3

                pooling_stride: 2

                pooling_padding: 1

                num_layers: 2

                num_heads: 2

                mlp_radio: 1.0
        